red         (0,0) (0.5,0.866) (1,0)
blue        (0,0) (0,1) (1,1) (1,0)
green       (0,0) (0,1) (1,0)
cyan        (0,0) (0,2) (1,0)
purple      (0,0) (0,2) (3,1)
orange      (0,0) (0,3) (2,3) (2,0)
white       (2,0) (4,0) (6,1) (3,4) (0,1)
yellow      (0,1) (2,0) (4,1) (2,2)
magenta     (0,0) (3,0) (4,1) (1,1)
pink        (1,0) (3,0) (4,2) (0,2)
black       (1,0) (3,0) (3.5,0.866) (3,1.732) (1,1.732) (0.5,0.866)
tan         (1,0) (5,0) (3,2) (0,2)
teal        (1,0) (2,3) (1,4) (0,3)
olive       (0,0) (4,0) (6,3) (1,2)
brown       (2,0) (3,3) (0,1)
grey       (1,0) (2,0) (2.5,0.866) (2,1.732) (1,1.732) (1.5,0.866)
